[gd_scene load_steps=13 format=3 uid="uid://cwhfx1sar3h2j"]

[ext_resource type="Script" path="res://scripts/Spawner.cs" id="1_u1gt1"]
[ext_resource type="Texture2D" uid="uid://s5oixqrer6f8" path="res://textures/Wood049_1K-PNG/Wood049_1K-PNG_Color.png" id="2_cmait"]
[ext_resource type="PackedScene" uid="uid://0pmnfywxhe02" path="res://scenes/tub.tscn" id="2_umqp4"]
[ext_resource type="Script" path="res://scripts/InteractScript.cs" id="3_6v7nn"]
[ext_resource type="Texture2D" uid="uid://d1mwvrba3rtp2" path="res://textures/Wood049_1K-PNG/Wood049_1K-PNG_Roughness.png" id="3_kkfqm"]

[sub_resource type="ProceduralSkyMaterial" id="ProceduralSkyMaterial_p02l7"]
sky_horizon_color = Color(0.64625, 0.65575, 0.67075, 1)
ground_horizon_color = Color(0.64625, 0.65575, 0.67075, 1)

[sub_resource type="Sky" id="Sky_pjr4c"]
sky_material = SubResource("ProceduralSkyMaterial_p02l7")

[sub_resource type="Environment" id="Environment_814va"]
sky = SubResource("Sky_pjr4c")
ambient_light_source = 1
ambient_light_color = Color(0.889147, 0.889147, 0.889147, 1)

[sub_resource type="StandardMaterial3D" id="StandardMaterial3D_8aorb"]
albedo_texture = ExtResource("2_cmait")
roughness_texture = ExtResource("3_kkfqm")

[sub_resource type="PlaneMesh" id="PlaneMesh_rvaym"]
material = SubResource("StandardMaterial3D_8aorb")
size = Vector2(22.5, 46.25)

[sub_resource type="BoxShape3D" id="BoxShape3D_6f8t4"]
size = Vector3(22.5, 1, 46.25)

[sub_resource type="BoxShape3D" id="BoxShape3D_7gtlo"]
size = Vector3(0.01, 70, 70)

[node name="World" type="Node3D"]

[node name="WorldEnvironment" type="WorldEnvironment" parent="."]
environment = SubResource("Environment_814va")

[node name="DirectionalLight3D" type="DirectionalLight3D" parent="."]
transform = Transform3D(1, 0, 0, 0, 1.19249e-08, 1, 0, -1, 1.19249e-08, 129, 50, 0)
shadow_enabled = true
directional_shadow_mode = 0
sky_mode = 1

[node name="Floor" type="MeshInstance3D" parent="."]
mesh = SubResource("PlaneMesh_rvaym")

[node name="StaticFloor" type="StaticBody3D" parent="Floor"]
disable_mode = 1
input_ray_pickable = false

[node name="CollisionFloor" type="CollisionShape3D" parent="Floor/StaticFloor"]
transform = Transform3D(1, 0, 0, 0, 1, 0, 0, 0, 1, 0, -0.4, 0)
shape = SubResource("BoxShape3D_6f8t4")

[node name="Camera3D" type="Camera3D" parent="."]
transform = Transform3D(1, 0, 0, 0, -4.37114e-08, 1, 0, -1, -4.37114e-08, 0, 30, 0)
size = 50.0
near = 0.1
far = 50.0
script = ExtResource("3_6v7nn")

[node name="Spawner" type="Node3D" parent="."]
script = ExtResource("1_u1gt1")

[node name="tub0" parent="." instance=ExtResource("2_umqp4")]
transform = Transform3D(0.976672, 0, -0.214735, 0, 1, 0, 0.214735, 0, 0.976672, -10.104, 0, -15.885)

[node name="tub1" parent="." instance=ExtResource("2_umqp4")]
transform = Transform3D(0.998089, 0, 0.0617977, 0, 1, 0, -0.0617977, 0, 0.998089, 2.754, 0, -14.388)

[node name="tub2" parent="." instance=ExtResource("2_umqp4")]
transform = Transform3D(0.97437, 0, 0.224951, 0, 1, 0, -0.224951, 0, 0.97437, -13.319, 0, -2.001)

[node name="tub3" parent="." instance=ExtResource("2_umqp4")]
transform = Transform3D(-0.078459, 0, -0.996917, 0, 1, 0, 0.996917, 0, -0.078459, 11.953, 0, -2.801)

[node name="tub4" parent="." instance=ExtResource("2_umqp4")]
transform = Transform3D(-0.130526, 0, -0.991445, 0, 1, 0, 0.991445, 0, -0.130526, -2.778, 0, 9.109)

[node name="tub5" parent="." instance=ExtResource("2_umqp4")]
transform = Transform3D(0.113203, 0, -0.993571, 0, 1, 0, 0.993571, 0, 0.113203, 11.047, 0, 8.126)

[node name="Walls" type="StaticBody3D" parent="."]

[node name="CollisionWallLeft" type="CollisionShape3D" parent="Walls"]
transform = Transform3D(0.999999, 0, 0, 0, 0.999999, 0, 0, 0, 1, -11, 30, 0)
shape = SubResource("BoxShape3D_7gtlo")

[node name="CollisionWallBottom" type="CollisionShape3D" parent="Walls"]
transform = Transform3D(-4.37114e-08, 0, 1, 0, 1, 0, -1, 0, -4.37114e-08, 0, 30, 21)
shape = SubResource("BoxShape3D_7gtlo")

[node name="CollisionWallRight" type="CollisionShape3D" parent="Walls"]
transform = Transform3D(1, 0, 0, 0, 1, 0, 0, 0, 1, 11, 30, 0)
shape = SubResource("BoxShape3D_7gtlo")

[node name="CollisionWallTop" type="CollisionShape3D" parent="Walls"]
transform = Transform3D(-4.37114e-08, 0, 1, 0, 1, 0, -1, 0, -4.37114e-08, 0, 30, -21)
shape = SubResource("BoxShape3D_7gtlo")
